1599.39349328
1561.06892478
1524.29260816
1489.03898621
1455.28250173
1422.99759752
1392.15871639
1362.74030112
1334.71679451
1308.06263938
1282.75227851
1258.7601547
1236.06071076
1214.62838948
1194.43763366
1175.4628861
1157.6785896
1141.05918696
1125.57912097
1111.21283444
1097.93477016
1085.71937093
1074.54107956
1064.37433884
1055.19359157
1046.97328055
1039.68784857
1033.31173844
1027.81939296
1023.18525492
1019.38376712
1016.38937237
1014.17651346
1012.71963319
1011.99317435
1011.97157976
1012.6292922
1013.94075447
1015.88040939
1018.42269973
1021.54206831
1025.21295791
1029.40981135
1034.10707142
1039.27918091
1044.90058263
1050.94571938
1057.38903395
1064.20496915
1071.36796777
1078.8524726
1086.63292646
1094.68377214
1102.97945244
1111.49441015
1120.20308808
1129.07992902
1138.09937578
1147.23587115
1156.46385793
1165.75777892
1175.09207692
1184.44119473
1193.77957514
1203.08166096
1212.32189499
1221.47472002
1230.51457885
1239.41591428
1248.15316912
1256.70078615
1265.03320818
1273.12487801
1280.95023843
1288.48373225
1295.69980227
1302.57289127
1309.07744207
1315.18789746
1320.87870023
1326.1242932
1330.89911915
1335.17762089
1338.93424121
1342.14342292
1344.77960881
1346.81724168
1348.23076433
1348.99461956
1349.08325017
1348.47109896
1347.13260872
1345.04222226
1342.17438238
1338.50353186
1334.00411352
1328.65057015
1322.41734454
1315.27887951
1307.20961784
1298.18400234
1288.17647581
1277.16148103
1265.11346082
1252.00685798
1237.81611529
1222.51567557
1206.0799816
1188.48347619
1169.70060213
1149.70580224
1128.47351929
1105.9781961
1082.19427546
1057.09620017
1030.65841303
1002.85535684
973.661474399
943.051208503
910.999001952
877.479297546
842.466538082
805.935166361
