204.933493277
194.64892478
25.7126081576
36.6089862078
34.6825017298
31.6024024774
38.671283615
154.939698884
101.793205485
121.337360621
32.1977214905
61.5198452962
129.949289239
25.3116105196
34.1076336606
73.9971138994
98.1414104008
83.3208130446
85.6508790319
22.3671655639
56.9947701584
25.9393709339
64.9089204386
83.7056611601
75.0064084317
59.7567194546
107.70215143
43.6082615584
39.3206070416
33.3652549196
107.763767124
100.319372371
198.896513458
126.959633186
75.6831743525
132.151579757
156.929292198
172.790754474
167.700409385
101.50269973
57.9520683063
50.712957914
39.0998113519
26.0970714187
43.3091809134
5.8094173652
7.2542806181
54.5309660464
66.9250308513
73.5720322338
47.3575273951
20.6670735361
25.9962278582
37.8605475622
9.77441015058
15.9630880792
14.4999290224
7.89937577918
26.5841288516
55.4561420709
15.5122210801
28.50792308
3.85119472808
36.9295751431
11.5816609641
20.9918949898
12.7052799809
10.184578851
10.6059142844
41.1431691181
7.22078615113
16.7432081823
6.9551219895
0.290238434678
6.38626774628
14.9101977335
32.482891272
38.877442069
38.5278974565
17.0587002333
9.7257068016
47.0408808493
65.452379111
79.3657587878
96.0965770806
62.0403911907
74.0427583192
134.139235667
181.625380436
154.266749826
106.798901038
126.857391275
181.707777737
207.205617624
142.636468139
134.355886482
49.8994298545
8.21265545729
7.42112049164
78.3803821586
102.195997659
8.17647580504
9.78148103351
17.7165391751
85.6468579782
269.066115292
326.275675566
302.829981598
362.603476188
434.610602134
351.835802235
255.663519291
186.838196099
162.87427546
69.6162001712
10.0384130323
54.224643158
62.5285256007
152.578791497
204.100998048
196.390702454
262.023461918
334.514833639
